RegistroGenealogico Media cg287646953_BC21 cg287647051_BC21 cg287647433_TC11 Avg
ESPH1705148345 1 0.9224134 0.8825526 0.9731432 0.630736899473446
ESPH1705148346 1 0.8899919 0.8782373 0.9725764 0.630028004897213
ESPH1705148347 1 0.8754632 0.8670735 0.9699857 0.628727936466077
ESPH1705148348 1 0.8119887 0.9189333 0.9679247 0.623490906312138
ESPH1705148349 1 0.8952579 0.8350311 0.9733624 0.631700087622374
ESPH1705148350 1 0.8952070 0.8720939 0.9744050 0.635200107092283
ESPH1705148351 1 0.8969995 0.8250736 0.9697287 0.619385827612353
ESPH1705148352 1 0.8883478 0.8729160 0.9686521 0.62725468377567
ESPH1705149188 1 0.9149211 0.8664006 0.9780517 0.624115616061683
ESPH1705149189 1 0.8851188 0.8706396 0.9743845 0.624095730304555
ESPH1705149190 1 0.8768724 0.9052353 0.9692303 0.604671745362513
ESPH1705149192 1 0.9012026 0.8816165 0.9687110 0.623100709320391
ESPH1705149193 1 0.9211943 0.8459595 0.9725162 0.62493852693403
ESPH1705149194 1 0.8707160 0.8405205 0.9730753 0.610977814359539
ESPH1705149197 1 0.9058751 0.8770288 0.9713377 0.62880035525343
ESPH1705149195 1 0.8836728 0.9022727 0.9748521 0.62592523841246
ESPH1705149763 1 0.9047551 0.8679730 0.9717761 0.632243135082583
ESPH1705149765 1 0.8722614 0.8866610 0.9727431 0.609364678721999
ESPH1705149766 1 0.8865519 0.8502780 0.9724460 0.627884033283012
ESPH1705149768 1 0.8592402 0.8927215 0.9749958 0.609256726128215
ESPH1705149769 1 0.8816930 0.8416394 0.9726374 0.627990247151393
ESPH1705149771 1 0.8918946 0.9311027 0.9680181 0.633968006821919
ESPH1705150322 1 0.8912346 0.9194660 0.9778388 0.624593091869882
ESPH1705149774 1 0.9066158 0.8213910 0.9743565 0.623312223078644
ESPH1705149773 1 0.9244762 0.8942893 0.9742551 0.629294214801233
ESPH1705150323 1 0.8918759 0.8753812 0.9707609 0.616013357233601
ESPH1705150324 1 0.8591537 0.8702024 0.9763122 0.620499359189791
ESPH1705150325 1 0.7918932 0.8995325 0.9722723 0.612929291930573
ESPH1705150326 1 0.8959631 0.8524548 0.9735109 0.628881779338451
ESPH1705150327 1 0.8725635 0.9213967 0.9727146 0.631322356327519
ESPH1705150816 1 0.8807209 0.9297006 0.9726267 0.631012754804903
ESPH1705150817 1 0.8907059 0.8548041 0.9739274 0.618154332762862
ESPH1705150819 1 0.9144583 0.9025333 0.9685986 0.622912058240327
ESPH1705150820 1 0.8687024 0.8794258 0.9752290 0.613705841785129
ESPH1705150821 1 0.9047309 0.9255814 0.9727118 0.626620768823392
ESPH1705150823 1 0.9134904 0.8768602 0.9724104 0.636862135881833
ESPH1705150824 1 0.8905476 0.8986544 0.9745788 0.631334593083065
ESPH1705150825 1 0.9013853 0.8812056 0.9743789 0.613664950809968
ESPH1705212683 1 0.8722434 0.8887968 0.9753262 0.627679033303108
ESPH1705212684 1 0.8813646 0.9139343 0.9719134 0.625449819238773
ESPH1705212682 1 0.8680796 0.8663530 0.9681386 0.625568981686844
ESPH1705212681 1 0.8542409 0.8526668 0.9749111 0.621871538920552
ESPH1705212685 1 0.8761972 0.9149883 0.9743067 0.620850162174598
ESPH1705212688 1 0.8965303 0.8793057 0.9721014 0.634604367515273
ESPH1705212689 1 0.8759406 0.9011309 0.9724648 0.62563634066589
ESPH1705212691 1 0.8821985 0.8801289 0.9743874 0.614947016906056
ESPH1705212692 1 0.8836856 0.8454258 0.9758436 0.625923149049035
ESPH1705212694 1 0.8812442 0.8368592 0.9714885 0.626136777499169
ESPH1705212695 1 0.8994490 0.8854891 0.9727482 0.628536090631726
ESPH1705212696 1 0.8972468 0.9046468 0.9761851 0.625753555810129
ESPH1705212697 1 0.8939728 0.9046677 0.9747762 0.630749510517551
ESPH1705212699 1 0.8917528 0.8842214 0.9712766 0.611948239476956
ESPH1705212702 1 0.8925869 0.7550369 0.9709146 0.615533541004689
ESPH1705212703 1 0.8885816 0.8752374 0.9766454 0.633904947917819
ESPH1705212704 1 0.8895468 0.8637586 0.9762818 0.628051919813612
ESPH1705214525 1 0.8919648 0.9188369 0.9733094 0.622894129512272
ESPH1705214528 1 0.8867135 0.8894014 0.9791268 0.635020073167631
ESPH1705214529 1 0.8861809 0.8554693 0.9761175 0.624989369752572
ESPH1705214532 1 0.9050990 0.8644232 0.9749889 0.630683264310798
ESPH1705214533 1 0.9032642 0.9185309 0.9742768 0.630147877174062
ESPH1705214535 1 0.8756743 0.9094839 0.9744172 0.632242556564952
ESPH1705214536 1 0.8984562 0.8504040 0.9751847 0.629509605737808
ESPH1705214537 1 0.8795499 0.9054055 0.9795987 0.628738161479207
ESPH1705214540 1 0.8874570 0.8592350 0.9759403 0.628344794031136
ESPH1705214543 1 0.9034698 0.8868361 0.9772511 0.623352441442256
ESPH1705214546 1 0.8813578 0.9050213 0.9785913 0.627158977189657
ESPH1705214547 1 0.8924911 0.9189927 0.9771577 0.633094234931752
ESPH1705214549 1 0.9103990 0.8396153 0.9781514 0.633480803652358
ESPH1705214550 1 0.8970297 0.8628664 0.9777695 0.637625376775054
ESPH1705214551 1 0.8518984 0.9085174 0.9775878 0.631662756725241
ESPH1705214552 1 0.8683489 0.8907845 0.9678138 0.622369790610423
ESPH1705214553 1 0.8834936 0.9154103 0.9769955 0.62998388936538
ESPH1705214554 1 0.9119155 0.9057889 0.9812231 0.635961485976313
ESPH1705214555 1 0.8486072 0.8967432 0.9755359 0.619952651205761
ESPH1705214559 1 0.9147890 0.9039175 0.9834947 0.629635303550563
ESPH1705214560 1 0.9064869 0.8929715 0.9825129 0.628850015749812
ESPH1705214556 1 0.8805565 0.8981804 0.9771004 0.632601730285745
ESPH1705214557 1 0.9129895 0.8500934 0.9748865 0.625658531176769
ESPH1705214558 1 0.8905511 0.8927105 0.9792027 0.63459651186538
ESPH1705214562 1 0.9118993 0.8762501 0.9794592 0.638095350220579
ESPH1705215791 1 0.9063605 0.7749705 0.9863348 0.621525056697026
ESPH1705215792 1 0.9103940 0.8900944 0.9783845 0.630822005626501
ESPH1705215793 1 0.8738507 0.8058794 0.9757236 0.621225938313826
ESPH1705215795 1 0.9088703 0.8469358 0.9684746 0.621841753182503
ESPH1705215796 1 0.8894420 0.8873210 0.9725940 0.61897568785493
ESPH1705215798 1 0.9409632 0.9480785 0.9845389 0.632401542345043
ESPH1705215799 1 0.9189176 0.8873851 0.9836570 0.622358777975991
ESPH1705215803 1 0.9080280 0.7686608 0.9710220 0.615543980042926
ESPH1705215806 1 0.9061586 0.8152092 0.9729215 0.610895652707449
ESPH1705215804 1 0.8860124 0.8363221 0.9751201 0.621019499478189
ESPH1705215805 1 0.8842778 0.8278147 0.9731785 0.614042743866747
ESPH1705215807 1 0.8664245 0.9156225 0.9711780 0.618045215228858
ESPH1705215808 1 0.8948765 0.8479612 0.9734795 0.610517201978055
ESPH1705215811 1 0.8197174 0.8611508 0.9658707 0.61104797068044
ESPH1705215813 1 0.8963642 0.8783762 0.9730677 0.618817810719319
ESPH1705215814 1 0.8994490 0.8705669 0.9741897 0.61934933399992
ESPH1705215815 1 0.8915789 0.8624644 0.9718377 0.610064672432476
ESPH1705215816 1 0.9116901 0.8749929 0.9738116 0.610475513016372
ESPH1705215817 1 0.9052617 0.9209818 0.9842191 0.639678557060557
ESPH1705215819 1 0.9106471 0.8945305 0.9857492 0.635046676539711
ESPH1705215820 1 0.8872735 0.7984893 0.9684042 0.619737943222106
ESPH1705215821 1 0.8853611 0.8475239 0.9746936 0.621403242403617
ESPH1705215822 1 0.9017320 0.8629207 0.9785818 0.623230915199009
ESPH1705215823 1 0.8965452 0.8613030 0.9762047 0.627818955165488
ESPH1705215824 1 0.8852811 0.8618548 0.9731510 0.616159584876688
ESPH1705215825 1 0.9108837 0.8024548 0.9688856 0.612439860980225
ESPH1705215826 1 0.8966613 0.7739345 0.9795411 0.616349040059218
ESPH1705215827 1 0.9077187 0.8504062 0.9785166 0.635345708633307
ESPH1705215828 1 0.8623600 0.8239469 0.9729375 0.615862406301233
ESPH1705215829 1 0.8718189 0.7984290 0.9727068 0.61678691092149
ESPH1705215830 1 0.9021988 0.8860383 0.9767338 0.621492825539335
ESPH1705215831 1 0.8935648 0.8212855 0.9759105 0.620572911551125
ESPH1705215832 1 0.8862264 0.8908290 0.9710590 0.621443840032342
ESPH1705215833 1 0.9054755 0.9190066 0.9741449 0.596626119100214
ESPH1705215834 1 0.8919918 0.8640026 0.9743564 0.626726114348741
ESPH1705215836 1 0.9009560 0.8800584 0.9810239 0.623688802622454
ESPH1705217860 1 0.8774398 0.8492597 0.9712572 0.618146611817069
ESPH1705217863 1 0.8907021 0.9036395 0.9739588 0.614170204893248
ESPH1705217864 1 0.9182103 0.8799632 0.9716435 0.622236806483708
ESPH1705217867 1 0.9025029 0.9057181 0.9831804 0.62580689116463
ESPH1705217870 1 0.9133580 0.8888395 0.9712528 0.614011984577063
ESPH1705217868 1 0.8938934 0.8957491 0.9730039 0.616495864593891
ESPH1705217877 1 0.8944183 0.7842441 0.9793342 0.617569737392792
ESPH1705217880 1 0.8921817 0.8608441 0.9751357 0.618561682883065
ESPH1705217882 1 0.8926374 0.8893486 0.9742738 0.623445771305707
ESPH1705217884 1 0.9242133 0.9289690 0.9843867 0.632663473239496
ESPH1705217885 1 0.9024586 0.8988598 0.9834731 0.626364255349518
ESPH1705217888 1 0.9103112 0.8673951 0.9721722 0.624296054191774
ESPH1705217871 1 0.9087476 0.8386035 0.9803676 0.617108918507905
ESPH1705217872 1 0.8984312 0.8719101 0.9789085 0.624028295572776
ESPH1705217873 1 0.8952862 0.7809147 0.9751697 0.609407342489603
ESPH1705217876 1 0.9030443 0.9213989 0.9764485 0.626342119940756
ESPH1705217878 1 0.8382164 0.8558172 0.9713102 0.610868842318301
ESPH1705217881 1 0.9075867 0.8900103 0.9798735 0.630622076109405
ESPH1705217893 1 0.9081928 0.8678194 0.9741788 0.620706657012969
ESPH1705217894 1 0.9130567 0.8791929 0.9749634 0.629788953997481
ESPH1705217895 1 0.8961444 0.7785520 0.9708333 0.62382802396881
ESPH1705217896 1 0.8451757 0.7890052 0.9691692 0.612738756602331
ESPH1705231547 1 0.8856181 0.7893106 0.9729971 0.609273230423875
ESPH1705231548 1 0.8897757 0.8108387 0.9765737 0.619290652523875
ESPH1705231550 1 0.8656592 0.8373256 0.9766941 0.619274705847696
ESPH1705231551 1 0.9225307 0.9107360 0.9757927 0.631306458655895
ESPH1705231552 1 0.9088863 0.7710210 0.9776873 0.619156946353832
ESPH1705231553 1 0.8874817 0.8215079 0.9714196 0.623474373288934
ESPH1705231554 1 0.8891355 0.8597284 0.9698348 0.62044682780343
ESPH1705231555 1 0.8970767 0.9005774 0.9720370 0.63161271391798
ESPH1705231556 1 0.9022553 0.9129141 0.9805250 0.620265816777385
ESPH1705231558 1 0.9030350 0.8762239 0.9766466 0.62964165424089
ESPH1705231562 1 0.8945470 0.8780088 0.9729302 0.619722723797669
ESPH1705231564 1 0.9056823 0.8439026 0.9747736 0.613599194668301
ESPH1705231559 1 0.9159128 0.8355827 0.9801199 0.625936599690515
ESPH1705231565 1 0.9042808 0.9019033 0.9751810 0.627345489075804
ESPH1705231567 1 0.9055185 0.8541340 0.9780927 0.62605830012575
ESPH1705231568 1 0.9158798 0.8599922 0.9773867 0.617112052336951
ESPH1705232157 1 0.8930790 0.8592017 0.9732733 0.622858352802653
ESPH1705232150 1 0.8153207 0.8906335 0.9764787 0.627956185560932
ESPH1705232152 1 0.8990021 0.8731949 0.9687294 0.616362510342578
ESPH1705232154 1 0.8757114 0.8608516 0.9741468 0.620999639566935
ESPH1705232155 1 0.9056856 0.9073803 0.9654990 0.614562587930707
ESPH1705232151 1 0.8929204 0.7689708 0.9632433 0.615082031450322
ESPH1705232156 1 0.8646888 0.8775196 0.9692090 0.615623327628457
ESPH1705217897 1 0.8938618 0.8415299 0.9708793 0.619364535890782
ESPH1705232158 1 0.8953935 0.8650844 0.9741672 0.623475767887835
ESPH1705232160 1 0.8908389 0.8344103 0.9747448 0.616975072332556
ESPH1705232162 1 0.8745561 0.9025118 0.9644236 0.621905492699946
ESPH1705232163 1 0.8844374 0.8615854 0.9660326 0.623580003737085
ESPH1705232164 1 0.8955849 0.9174912 0.9712198 0.628746228664469
ESPH1705232165 1 0.9105976 0.8890945 0.9724295 0.629100542388987
ESPH1705232166 1 0.9091396 0.8265812 0.9731327 0.613581119951822
ESPH1705232168 1 0.9032599 0.8694833 0.9724705 0.611396913214014
ESPH1705232170 1 0.8971698 0.8221677 0.9759005 0.626285977313103
ESPH1705232171 1 0.8670402 0.8564563 0.9737434 0.61397935793253
ESPH1705232169 1 0.8843236 0.8628862 0.9696503 0.614869747474277
ESPH1705232173 1 0.8676961 0.8348404 0.9655486 0.61051861533403
ESPH1705232175 1 0.9002714 0.8722279 0.9672573 0.621628276496972
ESPH1705232176 1 0.8871203 0.8748520 0.9681463 0.622722400848151
ESPH1705232177 1 0.9014841 0.8008298 0.9691111 0.611589744562996
ESPH1705232178 1 0.8509009 0.8581363 0.9738136 0.619346543228483
ESPH1705232179 1 0.8854966 0.8411436 0.9718613 0.61944711214306
ESPH1705232180 1 0.8870714 0.8470337 0.9734435 0.613710178188773
ESPH1705232183 1 0.8860414 0.7441521 0.9665628 0.602682806297937
ESPH1705234647 1 0.9051676 0.8115686 0.9663986 0.613386634916827
ESPH1705234649 1 0.8852781 0.9048393 0.9661092 0.614174062204636
ESPH1705234650 1 0.8771115 0.9059845 0.9676611 0.618123261801179
ESPH1705234651 1 0.9009114 0.8944946 0.9702921 0.615435885835504
ESPH1705234653 1 0.8606207 0.8758256 0.9737946 0.617534806546731
ESPH1705234654 1 0.8727706 0.8949335 0.9785479 0.609760063502304
ESPH1705234655 1 0.8952051 0.8542432 0.9731166 0.624272051671249
ESPH1705234657 1 0.8901454 0.9006041 0.9653438 0.610979277348071
ESPH1705234660 1 0.8786833 0.8572504 0.9659300 0.615372655798821
ESPH1705234662 1 0.8885457 0.8938569 0.9740402 0.63440981694925
ESPH1705234663 1 0.8777509 0.9018295 0.9691496 0.615741396793676
ESPH1705234664 1 0.8580496 0.8765299 0.9786404 0.61516904134456
ESPH1705234668 1 0.9084921 0.8374648 0.9704409 0.626061407812647
ESPH1705234672 1 0.9055862 0.8021706 0.9742960 0.620034286819159
ESPH1705234673 1 0.8895473 0.8275588 0.9685133 0.61772967834574
ESPH1705234674 1 0.8767279 0.8338474 0.9727669 0.623832941041827
ESPH1705234675 1 0.8723393 0.8578436 0.9704206 0.621589700770338
ESPH1705234677 1 0.8466985 0.8108015 0.9693298 0.612328964822588
ESPH1705234676 1 0.8906334 0.8631911 0.9721727 0.617449430909191
ESPH1705234679 1 0.8566001 0.8919638 0.9746516 0.621562913370096
ESPH1705234681 1 0.8831058 0.8587329 0.9827139 0.60949522041037
ESPH1705234678 1 0.8981289 0.9303489 0.9710002 0.613759367924303
ESPH1705234680 1 0.8880993 0.8904803 0.9750850 0.611551528944882
ESPH1705234682 1 0.8539349 0.9084161 0.9684695 0.625881766183735
ESPH1705234684 1 0.8063306 0.8829376 0.9706646 0.612282649900536
ESPH1705234685 1 0.8856331 0.8625871 0.9707763 0.616007486518757
ESPH1705234687 1 0.8946717 0.8622240 0.9737606 0.626230678608682
ESPH1705234683 1 0.8626437 0.8587285 0.9729595 0.618700964726474
ESPH1705234692 1 0.9103764 0.9018901 0.9772260 0.615908941591506
ESPH1705234694 1 0.8795380 0.8938256 0.9757311 0.626943939514416
ESPH1705234697 1 0.9207214 0.8227911 0.9771108 0.616007683825429
ESPH1705234688 1 0.8890003 0.9198775 0.9702211 0.627338616257154
ESPH1705234691 1 0.8637846 0.8728185 0.9711054 0.628623458354984
ESPH1705234695 1 0.9142969 0.9343713 0.9728252 0.618898816125348
ESPH1705234696 1 0.9251456 0.8927242 0.9749952 0.629893597119695
ESPH1705234702 1 0.8862128 0.9074315 0.9724473 0.620479869505627
ESPH1705234704 1 0.8716170 0.8492414 0.9723688 0.624005694371811
ESPH1705234705 1 0.8928045 0.9007301 0.9737048 0.622804885255466
ESPH1705234708 1 0.9050267 0.8578413 0.9720024 0.617467680072562
ESPH1705234713 1 0.8785723 0.9281387 0.9752949 0.635551211053992
ESPH1705234711 1 0.9112857 0.8967819 0.9812793 0.629252240399518
ESPH1705234718 1 0.8951820 0.9163289 0.9739985 0.629085606416667
ESPH1705234719 1 0.9145890 0.9192817 0.9760623 0.607296490989737
ESPH1705234722 1 0.9021123 0.8707652 0.9739915 0.630387085107985
ESPH1705234720 1 0.9110397 0.9281625 0.9725505 0.627713592049786
ESPH1705234716 1 0.8898146 0.9392169 0.9724955 0.632618917013585
ESPH1705234717 1 0.9061825 0.8691887 0.9754809 0.62967350636538
ESPH1705234752 1 0.8860478 0.8647742 0.9752415 0.631446797951447
ESPH1705292209 1 0.9198886 0.8284309 0.9730187 0.621375269109191
ESPH1705292208 1 0.9463454 0.9234723 0.9757488 0.624507004571972
ESPH1705292210 1 0.9134534 0.9256260 0.9750478 0.613523306568221
ESPH1705292211 1 0.9002069 0.8826984 0.9740650 0.625676823419185
ESPH1705292213 1 0.8459723 0.9013876 0.9714947 0.618869036928296
ESPH1705292215 1 0.8978888 0.8956872 0.9733694 0.633614131115595
ESPH1705292216 1 0.9048239 0.9073607 0.9694970 0.638417377108494
ESPH1705292224 1 0.9177232 0.8923641 0.9672263 0.622963489116265
ESPH1705292225 1 0.8815133 0.9190198 0.9684780 0.629583659741908
ESPH1705292226 1 0.8915432 0.9219289 0.9682836 0.637687785869775
ESPH1705292227 1 0.8698651 0.9189178 0.9689715 0.628080626768006
ESPH1705292228 1 0.9092443 0.9219437 0.9681674 0.624394084074303
ESPH1705292230 1 0.8833537 0.9031218 0.9679992 0.628687919465782
ESPH1705292231 1 0.8876363 0.8442492 0.9706081 0.616369655985959
ESPH1705292233 1 0.8959718 0.9184582 0.9709914 0.625934839565247
ESPH1705292229 1 0.8747348 0.7966262 0.9674890 0.619678348108842
ESPH1705292235 1 0.8954496 0.8604676 0.9683474 0.625101467647749
ESPH1705292234 1 0.8992231 0.9098471 0.9696673 0.625787319721008
ESPH1705292236 1 0.8647058 0.9167601 0.9683833 0.622890360499973
ESPH1705292237 1 0.9086417 0.8943255 0.9703850 0.606801829746249
ESPH1705292238 1 0.8927456 0.9265684 0.9704112 0.625753484517685
ESPH1705292246 1 0.8976309 0.8606565 0.9719237 0.62432257296254
ESPH1705292247 1 0.9134988 0.8893658 0.9632920 0.625799164165675
ESPH1705292248 1 0.8724362 0.8086183 0.9711843 0.610738620853698
ESPH1705292250 1 0.9160722 0.8279518 0.9662808 0.626181335606592
ESPH1705292239 1 0.8790373 0.8864404 0.9717594 0.622919108161442
ESPH1705292241 1 0.8801531 0.8622286 0.9698748 0.618330730431913
ESPH1705292242 1 0.8939977 0.8210002 0.9720800 0.616836535893382
ESPH1705292243 1 0.8987224 0.9002727 0.9725613 0.621634441528162
ESPH1705292245 1 0.8816410 0.9265385 0.9696144 0.620029569562487
ESPH1705292249 1 0.8776767 0.8734060 0.9695975 0.612192080996892
ESPH1705292251 1 0.8997308 0.9223047 0.9696469 0.615751155375965
ESPH1705292257 1 0.9193213 0.9318956 0.9729359 0.634122384619132
ESPH1705292258 1 0.8895489 0.9065988 0.9638653 0.61584084516814
ESPH1705292260 1 0.8699660 0.9171605 0.9701556 0.626695949440568
ESPH1705292265 1 0.8847612 0.8937534 0.9729946 0.622796509889121
ESPH1705292264 1 0.8862952 0.8987819 0.9691440 0.620198861161602
ESPH1705292269 1 0.8978957 0.9024928 0.9696133 0.619477683521409
ESPH1705292270 1 0.9055384 0.9189905 0.9650260 0.615455362259352
ESPH1705292271 1 0.8882117 0.9223486 0.9683757 0.620138211311013
ESPH1705292272 1 0.9018503 0.9241499 0.9696804 0.615100444822964
ESPH1705292273 1 0.9072656 0.9183941 0.9675154 0.620561661516586
ESPH1705292274 1 0.8868368 0.9111628 0.9719305 0.618913776372937
ESPH1705292276 1 0.8728806 0.9204674 0.9673815 0.618177442996704
ESPH1705292277 1 0.8718214 0.9188500 0.9705303 0.623702758466211
ESPH1705292278 1 0.8598385 0.8705977 0.9706409 0.622471363880064
ESPH1705292279 1 0.8956517 0.9110876 0.9667485 0.620441661023365
ESPH1705292280 1 0.8810240 0.9088864 0.9689439 0.626515100645418
ESPH1705292282 1 0.8790088 0.9269841 0.9691672 0.625998416682744
ESPH1705292283 1 0.8606929 0.9222906 0.9710311 0.626228215870606
ESPH1705292284 1 0.8762602 0.8813345 0.9727522 0.622536751428859
ESPH1705292285 1 0.8458661 0.8674741 0.9715654 0.621701403337781
ESPH1705357208 1 0.8970168 0.9179666 0.9737213 0.61335901639314
ESPH1705357209 1 0.8890367 0.8781572 0.9728055 0.621144228788156
ESPH1705357210 1 0.9084745 0.8919955 0.9753520 0.604184570576447
ESPH1705357213 1 0.9075291 0.8936288 0.9747946 0.619210979084459
ESPH1705357220 1 0.9140572 0.8488464 0.9741040 0.617770927801876
ESPH1705357222 1 0.8952554 0.8317727 0.9723338 0.620156319452465
ESPH1705357224 1 0.8442386 0.8951307 0.9748038 0.628895486838424
ESPH1705357226 1 0.8732175 0.9002991 0.9695688 0.623760983021999
ESPH1705357223 1 0.8553033 0.8826276 0.9692879 0.612749259987594
ESPH1705357227 1 0.9009028 0.9032290 0.9717389 0.625708506903698
ESPH1705357228 1 0.8832067 0.9125198 0.9749286 0.628268477521249
ESPH1705357229 1 0.9092697 0.8418884 0.9735014 0.625243718647267
ESPH1705357230 1 0.8957741 0.9093580 0.9693417 0.627121524560638
ESPH1705357231 1 0.8897183 0.8500013 0.9746644 0.627278628469212
ESPH1705357232 1 0.8762892 0.9386751 0.9720458 0.635980705886683
ESPH1705357233 1 0.8791804 0.9403523 0.9737768 0.628327269537674
ESPH1705357235 1 0.8769514 0.9181103 0.9715024 0.619890476448151
ESPH1705357234 1 0.9151603 0.8854269 0.9701499 0.62953678687985
ESPH1705357236 1 0.8511741 0.9138859 0.9738660 0.627932404715434
ESPH1705357237 1 0.8472812 0.8818578 0.9748314 0.619338649559218
ESPH1705357238 1 0.8642160 0.9082773 0.9686769 0.62350389473119
ESPH1705357239 1 0.9149048 0.9125476 0.9717016 0.629129863078885
ESPH1705357240 1 0.8920337 0.9318672 0.9760578 0.636021612150857
ESPH1705357241 1 0.8960337 0.9072012 0.9730408 0.628667346840488
ESPH1705358099 1 0.9045759 0.8815848 0.9741965 0.626981634754877
ESPH1705358101 1 0.8265418 0.9240552 0.9746546 0.617818893821677
ESPH1705358102 1 0.8720320 0.8060282 0.9742850 0.627328966403537
ESPH1705358103 1 0.9029336 0.8769667 0.9758769 0.631252018993301
ESPH1705358100 1 0.9244901 0.9083318 0.9746678 0.629289157464764
ESPH1705358104 1 0.9032697 0.8547771 0.9757104 0.626654915998339
ESPH1705358105 1 0.8891887 0.8715772 0.9762892 0.630274336138719
ESPH1705358106 1 0.8732867 0.9168687 0.9729985 0.627290230901474
ESPH1705358107 1 0.9090724 0.8793281 0.9758735 0.631487472313317
ESPH1705358108 1 0.8811916 0.8541762 0.9775049 0.626758175530654
ESPH1705358109 1 0.9022361 0.8826534 0.9736676 0.630331391321999
ESPH1705358110 1 0.8981653 0.8937182 0.9734910 0.632426640435852
ESPH1705358111 1 0.9157817 0.9156337 0.9876784 0.645468261945043
ESPH1705358112 1 0.9049793 0.8821483 0.9820676 0.643309166640541
ESPH1705358113 1 0.8940428 0.8655349 0.9675974 0.634005685184218
ESPH1705358114 1 0.8877165 0.8254706 0.9634097 0.634849356255198
ESPH1705358115 1 0.9044705 0.8669239 0.9702012 0.623764668829796
ESPH1705358117 1 0.9081615 0.8893741 0.9672841 0.623975331993971
ESPH1705358119 1 0.9126685 0.8339858 0.9832868 0.640664787723178
ESPH1705358120 1 0.9353172 0.8445000 0.9857625 0.648838320345874
ESPH1705358122 1 0.8935258 0.8358428 0.9702795 0.627988930612138
ESPH1705358123 1 0.9002887 0.8861728 0.9724861 0.624092414510075
ESPH1705358124 1 0.9223373 0.8509429 0.9744469 0.626426560633896
ESPH1705358125 1 0.9103525 0.8255070 0.9733823 0.615559724529421
ESPH1705358126 1 0.8795132 0.8427813 0.9748527 0.623368741049491
ESPH1705358127 1 0.8752636 0.9146160 0.9763595 0.639922714662272
ESPH1705358128 1 0.9140419 0.9016703 0.9866861 0.65572101598269
ESPH1705358129 1 0.8672969 0.8890254 0.9686058 0.617883928866506
ESPH1705358130 1 0.8674403 0.8783016 0.9634517 0.623757028214014
ESPH1705358131 1 0.8979834 0.8762478 0.9742601 0.626689856572106
ESPH1705358132 1 0.8661873 0.9082406 0.9719294 0.62977389564866
ESPH1705384609 1 0.9030910 0.7848053 0.9725706 0.61503935023261
ESPH1705358133 1 0.8880647 0.8929809 0.9736770 0.621950554216506
ESPH1705358134 1 0.9119615 0.8475724 0.9749761 0.631480966599759
ESPH1705358135 1 0.8719594 0.8891468 0.9786069 0.638885581001822
ESPH1705358137 1 0.8744064 0.8734394 0.9691701 0.62449286657283
ESPH1705384609 1 0.8617044 0.7839150 0.9684961 0.615609733900723
ESPH1705384612 1 0.8567452 0.8770462 0.9724470 0.617382363835718
ESPH1705384613 1 0.8778100 0.8582371 0.9744084 0.61837025465686
ESPH1705384614 1 0.8914481 0.8981506 0.9731110 0.625213671171115
ESPH1705384615 1 0.8551115 0.8466342 0.9736333 0.615547381363934
ESPH1705384617 1 0.8878991 0.8241999 0.9682876 0.615926222134378
ESPH1705384616 1 0.8708222 0.8410655 0.9668436 0.622948925224357
ESPH1705384618 1 0.8699759 0.8550294 0.9724053 0.620847555873955
ESPH1705384619 1 0.8985655 0.8501245 0.9748005 0.62134813445552
ESPH1705384621 1 0.8633126 0.8965782 0.9735497 0.621973934318435
ESPH1705384622 1 0.8670616 0.9073702 0.9754475 0.620361819927626
ESPH1705384628 1 0.8589117 0.8687824 0.9760567 0.627312526995632
ESPH1705384624 1 0.9028116 0.8415787 0.9740889 0.617580049776367
ESPH1705384625 1 0.8255959 0.8543371 0.9678727 0.612052205012755
ESPH1705384626 1 0.8868840 0.8367383 0.9682372 0.624860643483173
ESPH1705384627 1 0.8850908 0.8172029 0.9748562 0.615135433619802
ESPH1705384630 1 0.6216504 0.9338067 0.9686162 0.597234599386308
ESPH1705384631 1 0.8580981 0.8816294 0.9729071 0.621991524645525
ESPH1705384633 1 0.9007027 0.8959357 0.9733596 0.628348169653644
ESPH1705384636 1 0.8944558 0.8259147 0.9708541 0.620476735970686
ESPH1705384637 1 0.8493750 0.8661813 0.9671209 0.627533886399973
ESPH1705384638 1 0.8057073 0.8438826 0.9724954 0.594223520596088
ESPH1705386574 1 0.7299555 0.8908396 0.9609678 0.578628249465488
ESPH1705386575 1 0.9114550 0.9136503 0.9738807 0.61018178280418
ESPH1705386576 1 0.8623799 0.8672566 0.9720595 0.618180346439818
ESPH1705386577 1 0.8776967 0.8667561 0.9747407 0.630022156322294
ESPH1705386695 1 0.9056195 0.8065004 0.9694712 0.621045380958601
ESPH1705386578 1 0.8749238 0.8556095 0.9702662 0.627256089764711
ESPH1705386579 1 0.8561183 0.8910282 0.9712871 0.626094098308467
ESPH1705386581 1 0.8541224 0.8743415 0.9733029 0.616095439460879
ESPH1705386696 1 0.8903883 0.8554427 0.9743172 0.620977063562192
ESPH1705386582 1 0.8850310 0.8392862 0.9740707 0.611995376140273
ESPH1705386583 1 0.8848163 0.8858806 0.9772404 0.628390427357771
ESPH1705386585 1 0.8487607 0.8771948 0.9727236 0.616538457535075
ESPH1705386586 1 0.8699396 0.8480497 0.9711443 0.618762943327358
ESPH1705386587 1 0.8903221 0.8913327 0.9688177 0.61845661234574
ESPH1705386589 1 0.8655119 0.8430424 0.9773681 0.625898096975
ESPH1705386593 1 0.9007636 0.8677431 0.9717901 0.615839308128483
ESPH1705386594 1 0.8612524 0.8793186 0.9764859 0.62001945977149
ESPH1705386596 1 0.8681378 0.8727278 0.9752424 0.62979853150895
ESPH1705386597 1 0.8740996 0.8730672 0.9757958 0.620983220733012
ESPH1705386602 1 0.8679424 0.8787347 0.9750576 0.62808754923955
ESPH1705386595 1 0.8776291 0.8794237 0.9787519 0.620750278789496
ESPH1705386598 1 0.8803901 0.8774340 0.9770792 0.625371852488558
ESPH1705386590 1 0.8998858 0.8926738 0.9753995 0.631234395698419
ESPH1705386697 1 0.9012452 0.8652156 0.9759532 0.622918870094936
ESPH1705386591 1 0.8805827 0.8679996 0.9761177 0.628872601228564
ESPH1705386600 1 0.8978112 0.8945401 0.9731633 0.623217433962996
ESPH1705386599 1 0.8641990 0.8524814 0.9743972 0.620200084579126
ESPH1705386605 1 0.8772970 0.8942846 0.9772666 0.624259518087674
ESPH1705386608 1 0.8919783 0.8716985 0.9770018 0.626253393394132
ESPH1705386609 1 0.8796133 0.9042919 0.9762358 0.624527742517122
ESPH1705386616 1 0.8873905 0.8659324 0.9754736 0.620446397359271
ESPH1705386617 1 0.9044338 0.8701997 0.9767323 0.631608787150777
ESPH1705386622 1 0.8790363 0.8725720 0.9774724 0.614482830619855
